-3.726 -6.114
-3.553 -5.598
-3.370 -5.089
-3.117 -4.657
-2.559 -4.869
-2.160 -5.475
-1.764 -5.889
-1.156 -6.147
-0.600 -6.133
-0.126 -5.882
0.261 -5.499
0.685 -5.233
1.153 -4.904
1.770 -4.990
2.339 -4.984
2.832 -4.749
3.005 -4.189
2.956 -3.653
2.801 -3.172
2.241 -3.054
1.628 -2.930
0.974 -2.786
0.315 -2.834
-0.284 -2.815
-0.944 -2.786
-1.684 -2.628
-2.313 -2.094
-2.308 -1.507
-2.177 -0.854
-2.163 -0.173
-1.808 0.255
-1.146 0.256
-0.477 0.230
0.248 0.215
0.986 0.216
1.723 0.174
2.313 0.213
2.942 0.583
3.039 1.186
3 2
3.129 2.696
3.684 3.021
4.412 2.615
4.739 2.091
5.399 1.831
6 2
6.773 2.239
6.599 2.784
5.969 3.421
6 4
6.326 4.420
6.919 4.458
